(kicad_pcb (version 20171130) (host pcbnew 5.1.5+dfsg1-2build2)

  (general
    (thickness 1.6)
    (drawings 97)
    (tracks 1633)
    (zones 0)
    (modules 105)
    (nets 73)
  )

  (page A4)
  (layers
    (0 F.Cu signal)
    (31 B.Cu signal)
    (32 B.Adhes user)
    (33 F.Adhes user)
    (34 B.Paste user)
    (35 F.Paste user)
    (36 B.SilkS user)
    (37 F.SilkS user)
    (38 B.Mask user hide)
    (39 F.Mask user)
    (40 Dwgs.User user)
    (41 Cmts.User user)
    (42 Eco1.User user)
    (43 Eco2.User user)
    (44 Edge.Cuts user)
    (45 Margin user)
    (46 B.CrtYd user)
    (47 F.CrtYd user)
    (48 B.Fab user)
    (49 F.Fab user)
  )

  (setup
    (last_trace_width 0.2)
    (trace_clearance 0.2)
    (zone_clearance 0.25)
    (zone_45_only no)
    (trace_min 0.1524)
    (via_size 0.5)
    (via_drill 0.3)
    (via_min_size 0.4)
    (via_min_drill 0.3)
    (uvia_size 0.3)
    (uvia_drill 0.1)
    (uvias_allowed no)
    (uvia_min_size 0.2)
    (uvia_min_drill 0.1)
    (edge_width 0.15)
    (segment_width 0.15)
    (pcb_text_width 0.3)
    (pcb_text_size 1.5 1.5)
    (mod_edge_width 0.15)
    (mod_text_size 1 1)
    (mod_text_width 0.15)
    (pad_size 1.7 1.7)
    (pad_drill 0)
    (pad_to_mask_clearance 0.2)
    (aux_axis_origin 0 0)
    (grid_origin 100 100)
    (visible_elements 7FFDFFFF)
    (pcbplotparams
      (layerselection 0x010fc_ffffffff)
      (usegerberextensions false)
      (usegerberattributes false)
      (usegerberadvancedattributes false)
      (creategerberjobfile false)
      (excludeedgelayer true)
      (linewidth 0.100000)
      (plotframeref false)
      (viasonmask false)
      (mode 1)
      (useauxorigin false)
      (hpglpennumber 1)
      (hpglpenspeed 20)
      (hpglpendiameter 15.000000)
      (psnegative false)
      (psa4output false)
      (plotreference true)
      (plotvalue true)
      (plotinvisibletext false)
      (padsonsilk false)
      (subtractmaskfromsilk false)
      (outputformat 1)
      (mirror false)
      (drillshape 0)
      (scaleselection 1)
      (outputdirectory "Gerber_Files/"))
  )

  (net 0 "")
  (net 1 "Net-(U5-Pad10)")
  (net 2 "Net-(C2-Pad1)")
  (net 3 "Net-(C1-Pad1)")
  (net 4 "Net-(C6-Pad1)")
  (net 5 VDD)
  (net 6 GND)
  (net 7 "Net-(C10-Pad1)")
  (net 8 "Net-(R1-Pad1)")
  (net 9 VoutB)
  (net 10 "Net-(C13-Pad1)")
  (net 11 "Net-(C15-Pad1)")
  (net 12 "Net-(C16-Pad1)")
  (net 13 "Net-(R13-Pad1)")
  (net 14 "Net-(C17-Pad1)")
  (net 15 "Net-(C18-Pad1)")
  (net 16 VCC)
  (net 17 "Net-(U3-Pad7)")
  (net 18 BUT)
  (net 19 VO_PITCH)
  (net 20 VO_VOL)
  (net 21 F_PITCH)
  (net 22 F_VOL)
  (net 23 "Net-(C5-Pad2)")
  (net 24 DAC_LATCH)
  (net 25 DAC_DI)
  (net 26 DAC_SCK)
  (net 27 DAC_CS)
  (net 28 DAC2_CS)
  (net 29 "Net-(C2-Pad2)")
  (net 30 VrefB)
  (net 31 "Net-(C22-Pad1)")
  (net 32 "Net-(R17-Pad1)")
  (net 33 A0)
  (net 34 A1)
  (net 35 A2)
  (net 36 A3)
  (net 37 LED_RED)
  (net 38 "Net-(C7-Pad1)")
  (net 39 "Net-(C11-Pad1)")
  (net 40 "Net-(C12-Pad2)")
  (net 41 "Net-(R4-Pad2)")
  (net 42 "Net-(R5-Pad1)")
  (net 43 SAMPLE_CLK)
  (net 44 "Net-(C29-Pad1)")
  (net 45 "Net-(C29-Pad2)")
  (net 46 "Net-(U5-Pad1)")
  (net 47 "Net-(J1-PadS1)")
  (net 48 "Net-(C19-Pad1)")
  (net 49 "Net-(C30-Pad1)")
  (net 50 "Net-(C31-Pad1)")
  (net 51 RESET)
  (net 52 "Net-(C32-Pad2)")
  (net 53 "Net-(C33-Pad1)")
  (net 54 D-)
  (net 55 D+)
  (net 56 TXD)
  (net 57 "Net-(R9-Pad1)")
  (net 58 "Net-(R10-Pad1)")
  (net 59 RXD)
  (net 60 "Net-(C34-Pad1)")
  (net 61 MISO)
  (net 62 "Net-(D3-Pad4)")
  (net 63 "Net-(D3-Pad3)")
  (net 64 LED_BLUE)
  (net 65 EX_CLK)
  (net 66 "Net-(U2-Pad5)")
  (net 67 VREF)
  (net 68 DAC3_CS)
  (net 69 "Net-(J1-PadB5)")
  (net 70 "Net-(J1-PadA5)")
  (net 71 "Net-(U12-Pad10)")
  (net 72 "Net-(U12-Pad14)")

  (net_class Default "This is the default net class."
    (clearance 0.2)
    (trace_width 0.2)
    (via_dia 0.5)
    (via_drill 0.3)
    (uvia_dia 0.3)
    (uvia_drill 0.1)
    (add_net A0)
    (add_net A1)
    (add_net A2)
    (add_net A3)
    (add_net BUT)
    (add_net D+)
    (add_net D-)
    (add_net DAC2_CS)
    (add_net DAC3_CS)
    (add_net DAC_CS)
    (add_net DAC_DI)
    (add_net DAC_LATCH)
    (add_net DAC_SCK)
    (add_net EX_CLK)
    (add_net F_PITCH)
    (add_net F_VOL)
    (add_net LED_BLUE)
    (add_net LED_RED)
    (add_net MISO)
    (add_net "Net-(C1-Pad1)")
    (add_net "Net-(C10-Pad1)")
    (add_net "Net-(C12-Pad2)")
    (add_net "Net-(C13-Pad1)")
    (add_net "Net-(C15-Pad1)")
    (add_net "Net-(C16-Pad1)")
    (add_net "Net-(C17-Pad1)")
    (add_net "Net-(C18-Pad1)")
    (add_net "Net-(C19-Pad1)")
    (add_net "Net-(C2-Pad2)")
    (add_net "Net-(C22-Pad1)")
    (add_net "Net-(C29-Pad1)")
    (add_net "Net-(C29-Pad2)")
    (add_net "Net-(C30-Pad1)")
    (add_net "Net-(C31-Pad1)")
    (add_net "Net-(C32-Pad2)")
    (add_net "Net-(C33-Pad1)")
    (add_net "Net-(C34-Pad1)")
    (add_net "Net-(C5-Pad2)")
    (add_net "Net-(C6-Pad1)")
    (add_net "Net-(C7-Pad1)")
    (add_net "Net-(D3-Pad3)")
    (add_net "Net-(D3-Pad4)")
    (add_net "Net-(J1-PadA5)")
    (add_net "Net-(J1-PadB5)")
    (add_net "Net-(J1-PadS1)")
    (add_net "Net-(R1-Pad1)")
    (add_net "Net-(R10-Pad1)")
    (add_net "Net-(R13-Pad1)")
    (add_net "Net-(R17-Pad1)")
    (add_net "Net-(R4-Pad2)")
    (add_net "Net-(R5-Pad1)")
    (add_net "Net-(R9-Pad1)")
    (add_net "Net-(U12-Pad10)")
    (add_net "Net-(U12-Pad14)")
    (add_net "Net-(U2-Pad5)")
    (add_net "Net-(U3-Pad7)")
    (add_net "Net-(U5-Pad1)")
    (add_net "Net-(U5-Pad10)")
    (add_net RESET)
    (add_net RXD)
    (add_net SAMPLE_CLK)
    (add_net TXD)
    (add_net VO_PITCH)
    (add_net VO_VOL)
    (add_net VREF)
    (add_net VoutB)
    (add_net VrefB)
  )

  (net_class FAT ""
    (clearance 0.3)
    (trace_width 0.5)
    (via_dia 0.8)
    (via_drill 0.6)
    (uvia_dia 0.3)
    (uvia_drill 0.1)
  )

  (net_class Power ""
    (clearance 0.2)
    (trace_width 0.3)
    (via_dia 0.6)
    (via_drill 0.4)
    (uvia_dia 0.3)
    (uvia_drill 0.1)
    (add_net GND)
    (add_net "Net-(C11-Pad1)")
    (add_net "Net-(C2-Pad1)")
    (add_net VCC)
    (add_net VDD)
  )

  (net_class Thin ""
    (clearance 0.1524)
    (trace_width 0.1524)
    (via_dia 0.5)
    (via_drill 0.3)
    (uvia_dia 0.3)
    (uvia_drill 0.1)
  )

  (module GaudiLabsFootPrints:SensorButton (layer F.Cu) (tedit 6058C471) (tstamp 60589AC0)
    (at 87.5 125.75)
    (path /6068A891)
    (fp_text reference P10 (at -14.9828 -0.5786) (layer F.SilkS) hide
      (effects (font (size 1 1) (thickness 0.15)))
    )
    (fp_text value BUTTON (at 0.4 -9.1) (layer F.Fab)
      (effects (font (size 1 1) (thickness 0.15)))
    )
    (pad 1 smd circle (at 0 0) (size 15 15) (layers F.Cu F.Mask)
      (net 60 "Net-(C34-Pad1)"))
  )

  (module GaudiLabsFootPrints:GNDPad (layer F.Cu) (tedit 6058C2BD) (tstamp 6059E270)
    (at 79.75 148.25)
    (path /5735D84B)
    (fp_text reference GROUND1 (at -18.3072 2.4992) (layer F.SilkS)
      (effects (font (size 1 1) (thickness 0.15)))
    )
    (fp_text value GND_PAD (at 0 -5) (layer F.Fab)
      (effects (font (size 1 1) (thickness 0.15)))
    )
    (pad "" smd rect (at -2.5 0 180) (size 5 6) (layers B.Cu B.Mask))
    (pad 1 thru_hole circle (at 0 0) (size 6 6) (drill 3.2) (layers *.Cu *.Mask)
      (net 6 GND))
    (pad "" smd rect (at -2.5 0) (size 5 6) (layers F.Cu F.Mask))
  )

  (module GaudiLabsFootPrints:PS15NV60 (layer B.Cu) (tedit 6058BFB9) (tstamp 6051118E)
    (at 112.5 75.75 90)
    (path /570FB790)
    (fp_text reference P2 (at 5.976 6.9945 180) (layer B.SilkS)
      (effects (font (size 1 1) (thickness 0.15)) (justify mirror))
    )
    (fp_text value 10k (at 0.2 -10.1 90) (layer B.Fab)
      (effects (font (size 1 1) (thickness 0.15)) (justify mirror))
    )
    (fp_circle (center 0 0) (end 7.5 0) (layer B.SilkS) (width 0.15))
    (fp_line (start -7.2 -7.5) (end -7.2 -2.1) (layer B.SilkS) (width 0.15))
    (fp_line (start -7.2 -7.5) (end 7.2 -7.5) (layer B.SilkS) (width 0.15))
    (fp_line (start 7.2 -7.5) (end 7.3 -1.8) (layer B.SilkS) (width 0.15))
    (pad "" thru_hole oval (at -6.85 0 90) (size 1.5 2.2) (drill oval 0.6 1.2) (layers *.Cu *.Mask B.Paste))
    (pad "" thru_hole oval (at 6.85 0 90) (size 1.5 2.2) (drill oval 0.6 1.2) (layers *.Cu *.Mask B.Paste))
    (pad 2 smd rect (at 0 6.65 90) (size 3 3.5) (layers B.Cu B.Paste B.Mask)
      (net 33 A0))
    (pad 1 smd rect (at -4.5 -7.15 90) (size 3 3.5) (layers B.Cu B.Paste B.Mask)
      (net 6 GND))
    (pad 3 smd rect (at 4.5 -7.15 90) (size 3 3.5) (layers B.Cu B.Paste B.Mask)
      (net 16 VCC))
    (pad "" thru_hole circle (at 0 -0.3 90) (size 8 8) (drill 6.4) (layers *.Cu *.Mask))
  )

  (module GaudiLabsFootPrints:PS15NV60 (layer B.Cu) (tedit 6058BFB9) (tstamp 60510796)
    (at 87.5 75.75 270)
    (path /570FB8CD)
    (fp_text reference P1 (at -6.4205 6.804 180) (layer B.SilkS)
      (effects (font (size 1 1) (thickness 0.15)) (justify mirror))
    )
    (fp_text value 10k (at 0.2 -10.1 90) (layer B.Fab)
      (effects (font (size 1 1) (thickness 0.15)) (justify mirror))
    )
    (fp_circle (center 0 0) (end 7.5 0) (layer B.SilkS) (width 0.15))
    (fp_line (start -7.2 -7.5) (end -7.2 -2.1) (layer B.SilkS) (width 0.15))
    (fp_line (start -7.2 -7.5) (end 7.2 -7.5) (layer B.SilkS) (width 0.15))
    (fp_line (start 7.2 -7.5) (end 7.3 -1.8) (layer B.SilkS) (width 0.15))
    (pad "" thru_hole oval (at -6.85 0 270) (size 1.5 2.2) (drill oval 0.6 1.2) (layers *.Cu *.Mask B.Paste))
    (pad "" thru_hole oval (at 6.85 0 270) (size 1.5 2.2) (drill oval 0.6 1.2) (layers *.Cu *.Mask B.Paste))
    (pad 2 smd rect (at 0 6.65 270) (size 3 3.5) (layers B.Cu B.Paste B.Mask)
      (net 34 A1))
    (pad 1 smd rect (at -4.5 -7.15 270) (size 3 3.5) (layers B.Cu B.Paste B.Mask)
      (net 6 GND))
    (pad 3 smd rect (at 4.5 -7.15 270) (size 3 3.5) (layers B.Cu B.Paste B.Mask)
      (net 16 VCC))
    (pad "" thru_hole circle (at 0 -0.3 270) (size 8 8) (drill 6.4) (layers *.Cu *.Mask))
  )

  (module GaudiLabsFootPrints:PS15NV60 (layer B.Cu) (tedit 6058BFB9) (tstamp 605107A3)
    (at 87.5 100.75 270)
    (path /570FBA22)
    (fp_text reference P4 (at -4.56 7.8835 180) (layer B.SilkS)
      (effects (font (size 1 1) (thickness 0.15)) (justify mirror))
    )
    (fp_text value 10k (at 0.2 -10.1 90) (layer B.Fab)
      (effects (font (size 1 1) (thickness 0.15)) (justify mirror))
    )
    (fp_circle (center 0 0) (end 7.5 0) (layer B.SilkS) (width 0.15))
    (fp_line (start -7.2 -7.5) (end -7.2 -2.1) (layer B.SilkS) (width 0.15))
    (fp_line (start -7.2 -7.5) (end 7.2 -7.5) (layer B.SilkS) (width 0.15))
    (fp_line (start 7.2 -7.5) (end 7.3 -1.8) (layer B.SilkS) (width 0.15))
    (pad "" thru_hole oval (at -6.85 0 270) (size 1.5 2.2) (drill oval 0.6 1.2) (layers *.Cu *.Mask B.Paste))
    (pad "" thru_hole oval (at 6.85 0 270) (size 1.5 2.2) (drill oval 0.6 1.2) (layers *.Cu *.Mask B.Paste))
    (pad 2 smd rect (at 0 6.65 270) (size 3 3.5) (layers B.Cu B.Paste B.Mask)
      (net 35 A2))
    (pad 1 smd rect (at -4.5 -7.15 270) (size 3 3.5) (layers B.Cu B.Paste B.Mask)
      (net 6 GND))
    (pad 3 smd rect (at 4.5 -7.15 270) (size 3 3.5) (layers B.Cu B.Paste B.Mask)
      (net 16 VCC))
    (pad "" thru_hole circle (at 0 -0.3 270) (size 8 8) (drill 6.4) (layers *.Cu *.Mask))
  )

  (module GaudiLabsFootPrints:PS15NV60 (layer B.Cu) (tedit 6058BFB9) (tstamp 6051566E)
    (at 112.5 100.75 90)
    (path /570FB9C2)
    (fp_text reference P3 (at 5.1315 7.5025 180) (layer B.SilkS)
      (effects (font (size 1 1) (thickness 0.15)) (justify mirror))
    )
    (fp_text value 10k (at 0.2 -10.1 90) (layer B.Fab)
      (effects (font (size 1 1) (thickness 0.15)) (justify mirror))
    )
    (fp_circle (center 0 0) (end 7.5 0) (layer B.SilkS) (width 0.15))
    (fp_line (start -7.2 -7.5) (end -7.2 -2.1) (layer B.SilkS) (width 0.15))
    (fp_line (start -7.2 -7.5) (end 7.2 -7.5) (layer B.SilkS) (width 0.15))
    (fp_line (start 7.2 -7.5) (end 7.3 -1.8) (layer B.SilkS) (width 0.15))
    (pad "" thru_hole oval (at -6.85 0 90) (size 1.5 2.2) (drill oval 0.6 1.2) (layers *.Cu *.Mask B.Paste))
    (pad "" thru_hole oval (at 6.85 0 90) (size 1.5 2.2) (drill oval 0.6 1.2) (layers *.Cu *.Mask B.Paste))
    (pad 2 smd rect (at 0 6.65 90) (size 3 3.5) (layers B.Cu B.Paste B.Mask)
      (net 36 A3))
    (pad 1 smd rect (at -4.5 -7.15 90) (size 3 3.5) (layers B.Cu B.Paste B.Mask)
      (net 6 GND))
    (pad 3 smd rect (at 4.5 -7.15 90) (size 3 3.5) (layers B.Cu B.Paste B.Mask)
      (net 16 VCC))
    (pad "" thru_hole circle (at 0 -0.3 90) (size 8 8) (drill 6.4) (layers *.Cu *.Mask))
  )

  (module Package_QFP:TQFP-32_7x7mm_P0.8mm (layer B.Cu) (tedit 5A02F146) (tstamp 60515EF3)
    (at 101.494039 123.940753 45)
    (descr "32-Lead Plastic Thin Quad Flatpack (PT) - 7x7x1.0 mm Body, 2.00 mm [TQFP] (see Microchip Packaging Specification 00000049BS.pdf)")
    (tags "QFP 0.8")
    (path /607C2B32)
    (attr smd)
    (fp_text reference U9 (at -6.578417 0.424411 180) (layer B.SilkS)
      (effects (font (size 1 1) (thickness 0.15)) (justify mirror))
    )
    (fp_text value ATmega328P-AU (at 0 -6.05 45) (layer B.Fab)
      (effects (font (size 1 1) (thickness 0.15)) (justify mirror))
    )
    (fp_text user %R (at 0 0 45) (layer B.Fab)
      (effects (font (size 1 1) (thickness 0.15)) (justify mirror))
    )
    (fp_line (start -2.5 3.5) (end 3.5 3.5) (layer B.Fab) (width 0.15))
    (fp_line (start 3.5 3.5) (end 3.5 -3.5) (layer B.Fab) (width 0.15))
    (fp_line (start 3.5 -3.5) (end -3.5 -3.5) (layer B.Fab) (width 0.15))
    (fp_line (start -3.5 -3.5) (end -3.5 2.5) (layer B.Fab) (width 0.15))
    (fp_line (start -3.5 2.5) (end -2.5 3.5) (layer B.Fab) (width 0.15))
    (fp_line (start -5.3 5.3) (end -5.3 -5.3) (layer B.CrtYd) (width 0.05))
    (fp_line (start 5.3 5.3) (end 5.3 -5.3) (layer B.CrtYd) (width 0.05))
    (fp_line (start -5.3 5.3) (end 5.3 5.3) (layer B.CrtYd) (width 0.05))
    (fp_line (start -5.3 -5.3) (end 5.3 -5.3) (layer B.CrtYd) (width 0.05))
    (fp_line (start -3.625 3.625) (end -3.625 3.4) (layer B.SilkS) (width 0.15))
    (fp_line (start 3.625 3.625) (end 3.625 3.3) (layer B.SilkS) (width 0.15))
    (fp_line (start 3.625 -3.625) (end 3.625 -3.3) (layer B.SilkS) (width 0.15))
    (fp_line (start -3.625 -3.625) (end -3.625 -3.3) (layer B.SilkS) (width 0.15))
    (fp_line (start -3.625 3.625) (end -3.3 3.625) (layer B.SilkS) (width 0.15))
    (fp_line (start -3.625 -3.625) (end -3.3 -3.625) (layer B.SilkS) (width 0.15))
    (fp_line (start 3.625 -3.625) (end 3.3 -3.625) (layer B.SilkS) (width 0.15))
    (fp_line (start 3.625 3.625) (end 3.3 3.625) (layer B.SilkS) (width 0.15))
    (fp_line (start -3.625 3.4) (end -5.05 3.4) (layer B.SilkS) (width 0.15))
    (pad 1 smd rect (at -4.25 2.8 45) (size 1.6 0.55) (layers B.Cu B.Paste B.Mask)
      (net 43 SAMPLE_CLK))
    (pad 2 smd rect (at -4.25 2 45) (size 1.6 0.55) (layers B.Cu B.Paste B.Mask)
      (net 20 VO_VOL))
    (pad 3 smd rect (at -4.25 1.2 45) (size 1.6 0.55) (layers B.Cu B.Paste B.Mask)
      (net 6 GND))
    (pad 4 smd rect (at -4.25 0.4 45) (size 1.6 0.55) (layers B.Cu B.Paste B.Mask)
      (net 16 VCC))
    (pad 5 smd rect (at -4.25 -0.4 45) (size 1.6 0.55) (layers B.Cu B.Paste B.Mask)
      (net 6 GND))
    (pad 6 smd rect (at -4.25 -1.2 45) (size 1.6 0.55) (layers B.Cu B.Paste B.Mask)
      (net 16 VCC))
    (pad 7 smd rect (at -4.25 -2 45) (size 1.6 0.55) (layers B.Cu B.Paste B.Mask)
      (net 65 EX_CLK))
    (pad 8 smd rect (at -4.25 -2.8 45) (size 1.6 0.55) (layers B.Cu B.Paste B.Mask))
    (pad 9 smd rect (at -2.8 -4.25 315) (size 1.6 0.55) (layers B.Cu B.Paste B.Mask)
      (net 19 VO_PITCH))
    (pad 10 smd rect (at -2 -4.25 315) (size 1.6 0.55) (layers B.Cu B.Paste B.Mask)
      (net 18 BUT))
    (pad 11 smd rect (at -1.2 -4.25 315) (size 1.6 0.55) (layers B.Cu B.Paste B.Mask)
      (net 24 DAC_LATCH))
    (pad 12 smd rect (at -0.4 -4.25 315) (size 1.6 0.55) (layers B.Cu B.Paste B.Mask)
      (net 21 F_PITCH))
    (pad 13 smd rect (at 0.4 -4.25 315) (size 1.6 0.55) (layers B.Cu B.Paste B.Mask)
      (net 28 DAC2_CS))
    (pad 14 smd rect (at 1.2 -4.25 315) (size 1.6 0.55) (layers B.Cu B.Paste B.Mask)
      (net 27 DAC_CS))
    (pad 15 smd rect (at 2 -4.25 315) (size 1.6 0.55) (layers B.Cu B.Paste B.Mask)
      (net 25 DAC_DI))
    (pad 16 smd rect (at 2.8 -4.25 315) (size 1.6 0.55) (layers B.Cu B.Paste B.Mask)
      (net 61 MISO))
    (pad 17 smd rect (at 4.25 -2.8 45) (size 1.6 0.55) (layers B.Cu B.Paste B.Mask)
      (net 26 DAC_SCK))
    (pad 18 smd rect (at 4.25 -2 45) (size 1.6 0.55) (layers B.Cu B.Paste B.Mask)
      (net 16 VCC))
    (pad 19 smd rect (at 4.25 -1.2 45) (size 1.6 0.55) (layers B.Cu B.Paste B.Mask)
      (net 68 DAC3_CS))
    (pad 20 smd rect (at 4.25 -0.4 45) (size 1.6 0.55) (layers B.Cu B.Paste B.Mask)
      (net 53 "Net-(C33-Pad1)"))
    (pad 21 smd rect (at 4.25 0.4 45) (size 1.6 0.55) (layers B.Cu B.Paste B.Mask)
      (net 6 GND))
    (pad 22 smd rect (at 4.25 1.2 45) (size 1.6 0.55) (layers B.Cu B.Paste B.Mask))
    (pad 23 smd rect (at 4.25 2 45) (size 1.6 0.55) (layers B.Cu B.Paste B.Mask)
      (net 33 A0))
    (pad 24 smd rect (at 4.25 2.8 45) (size 1.6 0.55) (layers B.Cu B.Paste B.Mask)
      (net 34 A1))
    (pad 25 smd rect (at 2.8 4.25 315) (size 1.6 0.55) (layers B.Cu B.Paste B.Mask)
      (net 35 A2))
    (pad 26 smd rect (at 2 4.25 315) (size 1.6 0.55) (layers B.Cu B.Paste B.Mask)
      (net 36 A3))
    (pad 27 smd rect (at 1.2 4.25 315) (size 1.6 0.55) (layers B.Cu B.Paste B.Mask)
      (net 64 LED_BLUE))
    (pad 28 smd rect (at 0.4 4.25 315) (size 1.6 0.55) (layers B.Cu B.Paste B.Mask)
      (net 37 LED_RED))
    (pad 29 smd rect (at -0.4 4.25 315) (size 1.6 0.55) (layers B.Cu B.Paste B.Mask)
      (net 51 RESET))
    (pad 30 smd rect (at -1.2 4.25 315) (size 1.6 0.55) (layers B.Cu B.Paste B.Mask)
      (net 56 TXD))
    (pad 31 smd rect (at -2 4.25 315) (size 1.6 0.55) (layers B.Cu B.Paste B.Mask)
      (net 59 RXD))
    (pad 32 smd rect (at -2.8 4.25 315) (size 1.6 0.55) (layers B.Cu B.Paste B.Mask)
      (net 22 F_VOL))
    (model ${KISYS3DMOD}/Package_QFP.3dshapes/TQFP-32_7x7mm_P0.8mm.wrl
      (at (xyz 0 0 0))
      (scale (xyz 1 1 1))
      (rotate (xyz 0 0 0))
    )
  )

  (module Capacitor_SMD:C_0603_1608Metric (layer B.Cu) (tedit 5B301BBE) (tstamp 605141E7)
    (at 83.109 90.3225 270)
    (descr "Capacitor SMD 0603 (1608 Metric), square (rectangular) end terminal, IPC_7351 nominal, (Body size source: http://www.tortai-tech.com/upload/download/2011102023233369053.pdf), generated with kicad-footprint-generator")
    (tags capacitor)
    (path /571F6414)
    (attr smd)
    (fp_text reference C11 (at 0 1.43 90) (layer B.SilkS)
      (effects (font (size 1 1) (thickness 0.15)) (justify mirror))
    )
    (fp_text value 10pF (at 0 -1.43 90) (layer B.Fab)
      (effects (font (size 1 1) (thickness 0.15)) (justify mirror))
    )
    (fp_text user %R (at 0 0 90) (layer B.Fab)
      (effects (font (size 0.4 0.4) (thickness 0.06)) (justify mirror))
    )
    (fp_line (start 1.48 -0.73) (end -1.48 -0.73) (layer B.CrtYd) (width 0.05))
    (fp_line (start 1.48 0.73) (end 1.48 -0.73) (layer B.CrtYd) (width 0.05))
    (fp_line (start -1.48 0.73) (end 1.48 0.73) (layer B.CrtYd) (width 0.05))
    (fp_line (start -1.48 -0.73) (end -1.48 0.73) (layer B.CrtYd) (width 0.05))
    (fp_line (start -0.162779 -0.51) (end 0.162779 -0.51) (layer B.SilkS) (width 0.12))
    (fp_line (start -0.162779 0.51) (end 0.162779 0.51) (layer B.SilkS) (width 0.12))
    (fp_line (start 0.8 -0.4) (end -0.8 -0.4) (layer B.Fab) (width 0.1))
    (fp_line (start 0.8 0.4) (end 0.8 -0.4) (layer B.Fab) (width 0.1))
    (fp_line (start -0.8 0.4) (end 0.8 0.4) (layer B.Fab) (width 0.1))
    (fp_line (start -0.8 -0.4) (end -0.8 0.4) (layer B.Fab) (width 0.1))
    (pad 2 smd roundrect (at 0.7875 0 270) (size 0.875 0.95) (layers B.Cu B.Paste B.Mask) (roundrect_rratio 0.25)
      (net 6 GND))
    (pad 1 smd roundrect (at -0.7875 0 270) (size 0.875 0.95) (layers B.Cu B.Paste B.Mask) (roundrect_rratio 0.25)
      (net 39 "Net-(C11-Pad1)"))
    (model ${KISYS3DMOD}/Capacitor_SMD.3dshapes/C_0603_1608Metric.wrl
      (at (xyz 0 0 0))
      (scale (xyz 1 1 1))
      (rotate (xyz 0 0 0))
    )
  )

  (module Capacitor_SMD:C_0603_1608Metric (layer B.Cu) (tedit 5B301BBE) (tstamp 60515728)
    (at 116.891 86.1315 90)
    (descr "Capacitor SMD 0603 (1608 Metric), square (rectangular) end terminal, IPC_7351 nominal, (Body size source: http://www.tortai-tech.com/upload/download/2011102023233369053.pdf), generated with kicad-footprint-generator")
    (tags capacitor)
    (path /57C61C0D)
    (attr smd)
    (fp_text reference C14 (at 2.206 -0.1905) (layer B.SilkS)
      (effects (font (size 1 1) (thickness 0.15)) (justify mirror))
    )
    (fp_text value "not assembled" (at 0 -1.43 270) (layer B.Fab)
      (effects (font (size 1 1) (thickness 0.15)) (justify mirror))
    )
    (fp_line (start -0.8 -0.4) (end -0.8 0.4) (layer B.Fab) (width 0.1))
    (fp_line (start -0.8 0.4) (end 0.8 0.4) (layer B.Fab) (width 0.1))
    (fp_line (start 0.8 0.4) (end 0.8 -0.4) (layer B.Fab) (width 0.1))
    (fp_line (start 0.8 -0.4) (end -0.8 -0.4) (layer B.Fab) (width 0.1))
    (fp_line (start -0.162779 0.51) (end 0.162779 0.51) (layer B.SilkS) (width 0.12))
    (fp_line (start -0.162779 -0.51) (end 0.162779 -0.51) (layer B.SilkS) (width 0.12))
    (fp_line (start -1.48 -0.73) (end -1.48 0.73) (layer B.CrtYd) (width 0.05))
    (fp_line (start -1.48 0.73) (end 1.48 0.73) (layer B.CrtYd) (width 0.05))
    (fp_line (start 1.48 0.73) (end 1.48 -0.73) (layer B.CrtYd) (width 0.05))
    (fp_line (start 1.48 -0.73) (end -1.48 -0.73) (layer B.CrtYd) (width 0.05))
    (fp_text user %R (at 0 0 270) (layer B.Fab)
      (effects (font (size 0.4 0.4) (thickness 0.06)) (justify mirror))
    )
    (pad 1 smd roundrect (at -0.7875 0 90) (size 0.875 0.95) (layers B.Cu B.Paste B.Mask) (roundrect_rratio 0.25)
      (net 3 "Net-(C1-Pad1)"))
    (pad 2 smd roundrect (at 0.7875 0 90) (size 0.875 0.95) (layers B.Cu B.Paste B.Mask) (roundrect_rratio 0.25)
      (net 6 GND))
    (model ${KISYS3DMOD}/Capacitor_SMD.3dshapes/C_0603_1608Metric.wrl
      (at (xyz 0 0 0))
      (scale (xyz 1 1 1))
      (rotate (xyz 0 0 0))
    )
  )

  (module Resistor_SMD:R_0603_1608Metric (layer B.Cu) (tedit 5B301BBD) (tstamp 6054D84A)
    (at 108.509 89.332)
    (descr "Resistor SMD 0603 (1608 Metric), square (rectangular) end terminal, IPC_7351 nominal, (Body size source: http://www.tortai-tech.com/upload/download/2011102023233369053.pdf), generated with kicad-footprint-generator")
    (tags resistor)
    (path /571D9573)
    (attr smd)
    (fp_text reference R3 (at -0.0635 -1.143) (layer B.SilkS)
      (effects (font (size 1 1) (thickness 0.15)) (justify mirror))
    )
    (fp_text value 100k (at 0 -1.43) (layer B.Fab)
      (effects (font (size 1 1) (thickness 0.15)) (justify mirror))
    )
    (fp_line (start -0.8 -0.4) (end -0.8 0.4) (layer B.Fab) (width 0.1))
    (fp_line (start -0.8 0.4) (end 0.8 0.4) (layer B.Fab) (width 0.1))
    (fp_line (start 0.8 0.4) (end 0.8 -0.4) (layer B.Fab) (width 0.1))
    (fp_line (start 0.8 -0.4) (end -0.8 -0.4) (layer B.Fab) (width 0.1))
    (fp_line (start -0.162779 0.51) (end 0.162779 0.51) (layer B.SilkS) (width 0.12))
    (fp_line (start -0.162779 -0.51) (end 0.162779 -0.51) (layer B.SilkS) (width 0.12))
    (fp_line (start -1.48 -0.73) (end -1.48 0.73) (layer B.CrtYd) (width 0.05))
    (fp_line (start -1.48 0.73) (end 1.48 0.73) (layer B.CrtYd) (width 0.05))
    (fp_line (start 1.48 0.73) (end 1.48 -0.73) (layer B.CrtYd) (width 0.05))
    (fp_line (start 1.48 -0.73) (end -1.48 -0.73) (layer B.CrtYd) (width 0.05))
    (fp_text user %R (at 0 0) (layer B.Fab)
      (effects (font (size 0.4 0.4) (thickness 0.06)) (justify mirror))
    )
    (pad 1 smd roundrect (at -0.7875 0) (size 0.875 0.95) (layers B.Cu B.Paste B.Mask) (roundrect_rratio 0.25)
      (net 4 "Net-(C6-Pad1)"))
    (pad 2 smd roundrect (at 0.7875 0) (size 0.875 0.95) (layers B.Cu B.Paste B.Mask) (roundrect_rratio 0.25)
      (net 23 "Net-(C5-Pad2)"))
    (model ${KISYS3DMOD}/Resistor_SMD.3dshapes/R_0603_1608Metric.wrl
      (at (xyz 0 0 0))
      (scale (xyz 1 1 1))
      (rotate (xyz 0 0 0))
    )
  )

  (module Capacitor_SMD:C_0603_1608Metric (layer B.Cu) (tedit 5B301BBE) (tstamp 605156F8)
    (at 114.986 90.348 90)
    (descr "Capacitor SMD 0603 (1608 Metric), square (rectangular) end terminal, IPC_7351 nominal, (Body size source: http://www.tortai-tech.com/upload/download/2011102023233369053.pdf), generated with kicad-footprint-generator")
    (tags capacitor)
    (path /571D015A)
    (attr smd)
    (fp_text reference C5 (at 2.032 0) (layer B.SilkS)
      (effects (font (size 1 1) (thickness 0.15)) (justify mirror))
    )
    (fp_text value 470pF (at 0 -1.43 270) (layer B.Fab)
      (effects (font (size 1 1) (thickness 0.15)) (justify mirror))
    )
    (fp_line (start -0.8 -0.4) (end -0.8 0.4) (layer B.Fab) (width 0.1))
    (fp_line (start -0.8 0.4) (end 0.8 0.4) (layer B.Fab) (width 0.1))
    (fp_line (start 0.8 0.4) (end 0.8 -0.4) (layer B.Fab) (width 0.1))
    (fp_line (start 0.8 -0.4) (end -0.8 -0.4) (layer B.Fab) (width 0.1))
    (fp_line (start -0.162779 0.51) (end 0.162779 0.51) (layer B.SilkS) (width 0.12))
    (fp_line (start -0.162779 -0.51) (end 0.162779 -0.51) (layer B.SilkS) (width 0.12))
    (fp_line (start -1.48 -0.73) (end -1.48 0.73) (layer B.CrtYd) (width 0.05))
    (fp_line (start -1.48 0.73) (end 1.48 0.73) (layer B.CrtYd) (width 0.05))
    (fp_line (start 1.48 0.73) (end 1.48 -0.73) (layer B.CrtYd) (width 0.05))
    (fp_line (start 1.48 -0.73) (end -1.48 -0.73) (layer B.CrtYd) (width 0.05))
    (fp_text user %R (at 0 0 270) (layer B.Fab)
      (effects (font (size 0.4 0.4) (thickness 0.06)) (justify mirror))
    )
    (pad 1 smd roundrect (at -0.7875 0 90) (size 0.875 0.95) (layers B.Cu B.Paste B.Mask) (roundrect_rratio 0.25)
      (net 2 "Net-(C2-Pad1)"))
    (pad 2 smd roundrect (at 0.7875 0 90) (size 0.875 0.95) (layers B.Cu B.Paste B.Mask) (roundrect_rratio 0.25)
      (net 23 "Net-(C5-Pad2)"))
    (model ${KISYS3DMOD}/Capacitor_SMD.3dshapes/C_0603_1608Metric.wrl
      (at (xyz 0 0 0))
      (scale (xyz 1 1 1))
      (rotate (xyz 0 0 0))
    )
  )

  (module Capacitor_SMD:C_0603_1608Metric (layer B.Cu) (tedit 5B301BBE) (tstamp 605156C8)
    (at 116.891 90.348 270)
    (descr "Capacitor SMD 0603 (1608 Metric), square (rectangular) end terminal, IPC_7351 nominal, (Body size source: http://www.tortai-tech.com/upload/download/2011102023233369053.pdf), generated with kicad-footprint-generator")
    (tags capacitor)
    (path /571D001C)
    (attr smd)
    (fp_text reference C4 (at -2.032 -0.254) (layer B.SilkS)
      (effects (font (size 1 1) (thickness 0.15)) (justify mirror))
    )
    (fp_text value "not assembled" (at 0 -1.43 270) (layer B.Fab)
      (effects (font (size 1 1) (thickness 0.15)) (justify mirror))
    )
    (fp_text user %R (at 0 0 270) (layer B.Fab)
      (effects (font (size 0.4 0.4) (thickness 0.06)) (justify mirror))
    )
    (fp_line (start 1.48 -0.73) (end -1.48 -0.73) (layer B.CrtYd) (width 0.05))
    (fp_line (start 1.48 0.73) (end 1.48 -0.73) (layer B.CrtYd) (width 0.05))
    (fp_line (start -1.48 0.73) (end 1.48 0.73) (layer B.CrtYd) (width 0.05))
    (fp_line (start -1.48 -0.73) (end -1.48 0.73) (layer B.CrtYd) (width 0.05))
    (fp_line (start -0.162779 -0.51) (end 0.162779 -0.51) (layer B.SilkS) (width 0.12))
    (fp_line (start -0.162779 0.51) (end 0.162779 0.51) (layer B.SilkS) (width 0.12))
    (fp_line (start 0.8 -0.4) (end -0.8 -0.4) (layer B.Fab) (width 0.1))
    (fp_line (start 0.8 0.4) (end 0.8 -0.4) (layer B.Fab) (width 0.1))
    (fp_line (start -0.8 0.4) (end 0.8 0.4) (layer B.Fab) (width 0.1))
    (fp_line (start -0.8 -0.4) (end -0.8 0.4) (layer B.Fab) (width 0.1))
    (pad 2 smd roundrect (at 0.7875 0 270) (size 0.875 0.95) (layers B.Cu B.Paste B.Mask) (roundrect_rratio 0.25)
      (net 6 GND))
    (pad 1 smd roundrect (at -0.7875 0 270) (size 0.875 0.95) (layers B.Cu B.Paste B.Mask) (roundrect_rratio 0.25)
      (net 2 "Net-(C2-Pad1)"))
    (model ${KISYS3DMOD}/Capacitor_SMD.3dshapes/C_0603_1608Metric.wrl
      (at (xyz 0 0 0))
      (scale (xyz 1 1 1))
      (rotate (xyz 0 0 0))
    )
  )

  (module Capacitor_SMD:C_0603_1608Metric (layer B.Cu) (tedit 5B301BBE) (tstamp 6054E49E)
    (at 118.796 92.6595 270)
    (descr "Capacitor SMD 0603 (1608 Metric), square (rectangular) end terminal, IPC_7351 nominal, (Body size source: http://www.tortai-tech.com/upload/download/2011102023233369053.pdf), generated with kicad-footprint-generator")
    (tags capacitor)
    (path /5713D6B3)
    (attr smd)
    (fp_text reference C3 (at -0.216 -1.905) (layer B.SilkS)
      (effects (font (size 1 1) (thickness 0.15)) (justify mirror))
    )
    (fp_text value 150pF (at 0 -1.43 270) (layer B.Fab)
      (effects (font (size 1 1) (thickness 0.15)) (justify mirror))
    )
    (fp_line (start -0.8 -0.4) (end -0.8 0.4) (layer B.Fab) (width 0.1))
    (fp_line (start -0.8 0.4) (end 0.8 0.4) (layer B.Fab) (width 0.1))
    (fp_line (start 0.8 0.4) (end 0.8 -0.4) (layer B.Fab) (width 0.1))
    (fp_line (start 0.8 -0.4) (end -0.8 -0.4) (layer B.Fab) (width 0.1))
    (fp_line (start -0.162779 0.51) (end 0.162779 0.51) (layer B.SilkS) (width 0.12))
    (fp_line (start -0.162779 -0.51) (end 0.162779 -0.51) (layer B.SilkS) (width 0.12))
    (fp_line (start -1.48 -0.73) (end -1.48 0.73) (layer B.CrtYd) (width 0.05))
    (fp_line (start -1.48 0.73) (end 1.48 0.73) (layer B.CrtYd) (width 0.05))
    (fp_line (start 1.48 0.73) (end 1.48 -0.73) (layer B.CrtYd) (width 0.05))
    (fp_line (start 1.48 -0.73) (end -1.48 -0.73) (layer B.CrtYd) (width 0.05))
    (fp_text user %R (at 0 0 270) (layer B.Fab)
      (effects (font (size 0.4 0.4) (thickness 0.06)) (justify mirror))
    )
    (pad 1 smd roundrect (at -0.7875 0 270) (size 0.875 0.95) (layers B.Cu B.Paste B.Mask) (roundrect_rratio 0.25)
      (net 29 "Net-(C2-Pad2)"))
    (pad 2 smd roundrect (at 0.7875 0 270) (size 0.875 0.95) (layers B.Cu B.Paste B.Mask) (roundrect_rratio 0.25)
      (net 6 GND))
    (model ${KISYS3DMOD}/Capacitor_SMD.3dshapes/C_0603_1608Metric.wrl
      (at (xyz 0 0 0))
      (scale (xyz 1 1 1))
      (rotate (xyz 0 0 0))
    )
  )

  (module TO_SOT_Packages_SMD:SOT-23 (layer B.Cu) (tedit 57CFB2BD) (tstamp 605147CD)
    (at 112.126 90.25 180)
    (descr "SOT-23, Standard")
    (tags SOT-23)
    (path /571D2B45)
    (attr smd)
    (fp_text reference D1 (at 0 2.286 180) (layer B.SilkS)
      (effects (font (size 1 1) (thickness 0.15)) (justify mirror))
    )
    (fp_text value BB914 (at 0 -2.3) (layer B.Fab)
      (effects (font (size 1 1) (thickness 0.15)) (justify mirror))
    )
    (fp_line (start -1.65 1.6) (end 1.65 1.6) (layer B.CrtYd) (width 0.05))
    (fp_line (start 1.65 1.6) (end 1.65 -1.6) (layer B.CrtYd) (width 0.05))
    (fp_line (start 1.65 -1.6) (end -1.65 -1.6) (layer B.CrtYd) (width 0.05))
    (fp_line (start -1.65 -1.6) (end -1.65 1.6) (layer B.CrtYd) (width 0.05))
    (fp_line (start 1.29916 0.65024) (end 1.2509 0.65024) (layer B.SilkS) (width 0.15))
    (fp_line (start -1.49982 -0.0508) (end -1.49982 0.65024) (layer B.SilkS) (width 0.15))
    (fp_line (start -1.49982 0.65024) (end -1.2509 0.65024) (layer B.SilkS) (width 0.15))
    (fp_line (start 1.29916 0.65024) (end 1.49982 0.65024) (layer B.SilkS) (width 0.15))
    (fp_line (start 1.49982 0.65024) (end 1.49982 -0.0508) (layer B.SilkS) (width 0.15))
    (pad 1 smd rect (at -0.95 -1.00076 180) (size 0.8001 0.8001) (layers B.Cu B.Paste B.Mask)
      (net 6 GND))
    (pad 2 smd rect (at 0.95 -1.00076 180) (size 0.8001 0.8001) (layers B.Cu B.Paste B.Mask)
      (net 6 GND))
    (pad 3 smd rect (at 0 0.99822 180) (size 0.8001 0.8001) (layers B.Cu B.Paste B.Mask)
      (net 23 "Net-(C5-Pad2)"))
    (model TO_SOT_Packages_SMD.3dshapes/SOT-23.wrl
      (at (xyz 0 0 0))
      (scale (xyz 1 1 1))
      (rotate (xyz 0 0 0))
    )
  )

  (module Inductor_SMD:L_1008_2520Metric (layer B.Cu) (tedit 5D4AF589) (tstamp 6051479E)
    (at 120.066 85.522 180)
    (descr "Inductor SMD 1008 (2520 Metric), square (rectangular) end terminal, IPC_7351 nominal, (Body size source: https://ecsxtal.com/store/pdf/ECS-MPI2520-SMD-POWER-INDUCTOR.pdf), generated with kicad-footprint-generator")
    (tags inductor)
    (path /5712E9CB)
    (attr smd)
    (fp_text reference L1 (at 0 2.159) (layer B.SilkS)
      (effects (font (size 1 1) (thickness 0.15)) (justify mirror))
    )
    (fp_text value 1mH (at 0 -2.05) (layer B.Fab)
      (effects (font (size 1 1) (thickness 0.15)) (justify mirror))
    )
    (fp_line (start -1.25 -1) (end -1.25 1) (layer B.Fab) (width 0.1))
    (fp_line (start -1.25 1) (end 1.25 1) (layer B.Fab) (width 0.1))
    (fp_line (start 1.25 1) (end 1.25 -1) (layer B.Fab) (width 0.1))
    (fp_line (start 1.25 -1) (end -1.25 -1) (layer B.Fab) (width 0.1))
    (fp_line (start -0.261252 1.11) (end 0.261252 1.11) (layer B.SilkS) (width 0.12))
    (fp_line (start -0.261252 -1.11) (end 0.261252 -1.11) (layer B.SilkS) (width 0.12))
    (fp_line (start -1.95 -1.35) (end -1.95 1.35) (layer B.CrtYd) (width 0.05))
    (fp_line (start -1.95 1.35) (end 1.95 1.35) (layer B.CrtYd) (width 0.05))
    (fp_line (start 1.95 1.35) (end 1.95 -1.35) (layer B.CrtYd) (width 0.05))
    (fp_line (start 1.95 -1.35) (end -1.95 -1.35) (layer B.CrtYd) (width 0.05))
    (fp_text user %R (at 0 0) (layer B.Fab)
      (effects (font (size 0.62 0.62) (thickness 0.09)) (justify mirror))
    )
    (pad 1 smd roundrect (at -1.075 0 180) (size 1.25 2.2) (layers B.Cu B.Paste B.Mask) (roundrect_rratio 0.2)
      (net 2 "Net-(C2-Pad1)"))
    (pad 2 smd roundrect (at 1.075 0 180) (size 1.25 2.2) (layers B.Cu B.Paste B.Mask) (roundrect_rratio 0.2)
      (net 3 "Net-(C1-Pad1)"))
    (model ${KISYS3DMOD}/Inductor_SMD.3dshapes/L_1008_2520Metric.wrl
      (at (xyz 0 0 0))
      (scale (xyz 1 1 1))
      (rotate (xyz 0 0 0))
    )
  )

  (module Capacitor_SMD:C_0603_1608Metric (layer B.Cu) (tedit 5B301BBE) (tstamp 60515641)
    (at 114.986 86.1315 90)
    (descr "Capacitor SMD 0603 (1608 Metric), square (rectangular) end terminal, IPC_7351 nominal, (Body size source: http://www.tortai-tech.com/upload/download/2011102023233369053.pdf), generated with kicad-footprint-generator")
    (tags capacitor)
    (path /571462BC)
    (attr smd)
    (fp_text reference C1 (at 0.7365 -1.778) (layer B.SilkS)
      (effects (font (size 1 1) (thickness 0.15)) (justify mirror))
    )
    (fp_text value 220pF (at 0 -1.43 270) (layer B.Fab)
      (effects (font (size 1 1) (thickness 0.15)) (justify mirror))
    )
    (fp_text user %R (at 0 0 270) (layer B.Fab)
      (effects (font (size 0.4 0.4) (thickness 0.06)) (justify mirror))
    )
    (fp_line (start 1.48 -0.73) (end -1.48 -0.73) (layer B.CrtYd) (width 0.05))
    (fp_line (start 1.48 0.73) (end 1.48 -0.73) (layer B.CrtYd) (width 0.05))
    (fp_line (start -1.48 0.73) (end 1.48 0.73) (layer B.CrtYd) (width 0.05))
    (fp_line (start -1.48 -0.73) (end -1.48 0.73) (layer B.CrtYd) (width 0.05))
    (fp_line (start -0.162779 -0.51) (end 0.162779 -0.51) (layer B.SilkS) (width 0.12))
    (fp_line (start -0.162779 0.51) (end 0.162779 0.51) (layer B.SilkS) (width 0.12))
    (fp_line (start 0.8 -0.4) (end -0.8 -0.4) (layer B.Fab) (width 0.1))
    (fp_line (start 0.8 0.4) (end 0.8 -0.4) (layer B.Fab) (width 0.1))
    (fp_line (start -0.8 0.4) (end 0.8 0.4) (layer B.Fab) (width 0.1))
    (fp_line (start -0.8 -0.4) (end -0.8 0.4) (layer B.Fab) (width 0.1))
    (pad 2 smd roundrect (at 0.7875 0 90) (size 0.875 0.95) (layers B.Cu B.Paste B.Mask) (roundrect_rratio 0.25)
      (net 6 GND))
    (pad 1 smd roundrect (at -0.7875 0 90) (size 0.875 0.95) (layers B.Cu B.Paste B.Mask) (roundrect_rratio 0.25)
      (net 3 "Net-(C1-Pad1)"))
    (model ${KISYS3DMOD}/Capacitor_SMD.3dshapes/C_0603_1608Metric.wrl
      (at (xyz 0 0 0))
      (scale (xyz 1 1 1))
      (rotate (xyz 0 0 0))
    )
  )

  (module Capacitor_SMD:C_0603_1608Metric (layer B.Cu) (tedit 5B301BBE) (tstamp 60515611)
    (at 118.796 89.5605 270)
    (descr "Capacitor SMD 0603 (1608 Metric), square (rectangular) end terminal, IPC_7351 nominal, (Body size source: http://www.tortai-tech.com/upload/download/2011102023233369053.pdf), generated with kicad-footprint-generator")
    (tags capacitor)
    (path /5714179D)
    (attr smd)
    (fp_text reference C2 (at 0.089 -1.8415) (layer B.SilkS)
      (effects (font (size 1 1) (thickness 0.15)) (justify mirror))
    )
    (fp_text value 150pF (at 0 -1.43 270) (layer B.Fab)
      (effects (font (size 1 1) (thickness 0.15)) (justify mirror))
    )
    (fp_line (start -0.8 -0.4) (end -0.8 0.4) (layer B.Fab) (width 0.1))
    (fp_line (start -0.8 0.4) (end 0.8 0.4) (layer B.Fab) (width 0.1))
    (fp_line (start 0.8 0.4) (end 0.8 -0.4) (layer B.Fab) (width 0.1))
    (fp_line (start 0.8 -0.4) (end -0.8 -0.4) (layer B.Fab) (width 0.1))
    (fp_line (start -0.162779 0.51) (end 0.162779 0.51) (layer B.SilkS) (width 0.12))
    (fp_line (start -0.162779 -0.51) (end 0.162779 -0.51) (layer B.SilkS) (width 0.12))
    (fp_line (start -1.48 -0.73) (end -1.48 0.73) (layer B.CrtYd) (width 0.05))
    (fp_line (start -1.48 0.73) (end 1.48 0.73) (layer B.CrtYd) (width 0.05))
    (fp_line (start 1.48 0.73) (end 1.48 -0.73) (layer B.CrtYd) (width 0.05))
    (fp_line (start 1.48 -0.73) (end -1.48 -0.73) (layer B.CrtYd) (width 0.05))
    (fp_text user %R (at 0 0 270) (layer B.Fab)
      (effects (font (size 0.4 0.4) (thickness 0.06)) (justify mirror))
    )
    (pad 1 smd roundrect (at -0.7875 0 270) (size 0.875 0.95) (layers B.Cu B.Paste B.Mask) (roundrect_rratio 0.25)
      (net 2 "Net-(C2-Pad1)"))
    (pad 2 smd roundrect (at 0.7875 0 270) (size 0.875 0.95) (layers B.Cu B.Paste B.Mask) (roundrect_rratio 0.25)
      (net 29 "Net-(C2-Pad2)"))
    (model ${KISYS3DMOD}/Capacitor_SMD.3dshapes/C_0603_1608Metric.wrl
      (at (xyz 0 0 0))
      (scale (xyz 1 1 1))
      (rotate (xyz 0 0 0))
    )
  )

  (module GaudiLabsFootPrints:COIL (layer B.Cu) (tedit 57CFB2EC) (tstamp 60513C2F)
    (at 78.791 83.73 180)
    (path /571F63C6)
    (fp_text reference L2 (at -3.302 0.9385) (layer B.SilkS)
      (effects (font (size 1 1) (thickness 0.15)) (justify mirror))
    )
    (fp_text value 1mH (at -3 5 180) (layer B.Fab)
      (effects (font (size 1 1) (thickness 0.15)) (justify mirror))
    )
    (fp_line (start -1.778 2.413) (end 1.778 2.413) (layer B.SilkS) (width 0.05))
    (fp_line (start 1.778 2.413) (end 1.778 -2.413) (layer B.SilkS) (width 0.05))
    (fp_line (start 1.778 -2.413) (end -1.778 -2.413) (layer B.SilkS) (width 0.05))
    (fp_line (start -1.778 -2.413) (end -1.778 2.413) (layer B.SilkS) (width 0.05))
    (pad 2 smd rect (at 0 -2.3 180) (size 3.81 1.9304) (layers B.Cu B.Paste B.Mask)
      (net 38 "Net-(C7-Pad1)"))
    (pad 1 smd rect (at 0 2.3 180) (size 3.81 1.9304) (layers B.Cu B.Paste B.Mask)
      (net 39 "Net-(C11-Pad1)"))
  )

  (module TO_SOT_Packages_SMD:SOT-23 (layer B.Cu) (tedit 57CFB2C2) (tstamp 60513C83)
    (at 87.874 90.23624 180)
    (descr "SOT-23, Standard")
    (tags SOT-23)
    (path /571F6429)
    (attr smd)
    (fp_text reference D2 (at 0 2.286) (layer B.SilkS)
      (effects (font (size 1 1) (thickness 0.15)) (justify mirror))
    )
    (fp_text value BB914 (at 0 -2.3 180) (layer B.Fab)
      (effects (font (size 1 1) (thickness 0.15)) (justify mirror))
    )
    (fp_line (start -1.65 1.6) (end 1.65 1.6) (layer B.CrtYd) (width 0.05))
    (fp_line (start 1.65 1.6) (end 1.65 -1.6) (layer B.CrtYd) (width 0.05))
    (fp_line (start 1.65 -1.6) (end -1.65 -1.6) (layer B.CrtYd) (width 0.05))
    (fp_line (start -1.65 -1.6) (end -1.65 1.6) (layer B.CrtYd) (width 0.05))
    (fp_line (start 1.29916 0.65024) (end 1.2509 0.65024) (layer B.SilkS) (width 0.15))
    (fp_line (start -1.49982 -0.0508) (end -1.49982 0.65024) (layer B.SilkS) (width 0.15))
    (fp_line (start -1.49982 0.65024) (end -1.2509 0.65024) (layer B.SilkS) (width 0.15))
